1.0, nan, None, 0.65785561158676309, 0.099598689927280937, -0.0023615863823696413, -0.2245452346713388, 0.54977406676033203, 0.26868800211414939, 0.46108192732803277, 0.53024297597464742, 0.27954476306834281, -0.22769896593168015, 0.45971557335152496, 0.80731581860064194, -0.1557271858368284, -0.039424884768762769, -0.033729539104600519, 0.3413309656929856, -0.20700761984049418, 0.48773890678314274, 0.54013174079058901, 0.57408861987934134, 0.43346450807960002, -0.0591370005741595, 0.070225463840902988, 0, 0, 0, 0, 0, 0, 0, 0, 0, 0,
nan, nan, None, nan, nan, nan, nan, nan, nan, nan, nan, nan, nan, nan, nan, nan, nan, nan, nan, nan, nan, nan, nan, nan, nan, nan, 0, 0, 0, 0, 0, 0, 0, 0, 0, 0,
None, None, None, None, None, None, None, None, None, None, None, None, None, None, None, None, None, None, None, None, None, None, None, None, None, None, 0, 0, 0, 0, 0, 0, 0, 0, 0, 0,
0.65785561158676309, nan, None, 1.0, 0.07476222557150404, 0.074257670793431027, -0.20714225371979123, 0.99069748121412227, 0.22765811747986084, 0.75854110698199584, 0.83103979812863626, 0.50740913865838755, -0.17791479706937996, 0.75660214929409741, 0.64367491180519265, 0.23518859956151492, 0.016266915227100904, 0.17178492175092641, 0.33780221620685169, -0.0071134489632352421, 0.50441471466089383, 0.78921430182795338, 0.84397705861440864, 0.61908443538252222, -0.020577450602106074, 0.31763316242897882, 0, 0, 0, 0, 0, 0, 0, 0, 0, 0,
0.099598689927280937, nan, None, 0.07476222557150404, 1.0, -0.049400842791298874, -0.072534891778535976, 0.0643164088288916, 0.30075240880608872, 0.0092712148413135898, 0.038045101632453331, -0.036031283319779145, -0.19716659648393176, 0.0082798708454988532, 0.075086695845446014, -0.098583933394251699, -0.025147772688445202, -0.03711529997804143, 0.12016013184366368, -0.11423730581972724, 0.61237549453428231, 0.063780791289461861, 0.066826939328160778, 0.052797252707928524, -0.042866105299030677, -0.029806121328274079, 0, 0, 0, 0, 0, 0, 0, 0, 0, 0,
-0.0023615863823696413, nan, None, 0.074257670793431027, -0.049400842791298874, 1.0, 0.95891641487140755, 0.09649631740611718, -0.29979877588205828, 0.094408895151565295, 0.083556243515077511, 0.10112331255442759, 0.24403279766177838, 0.093507456770542841, 0.0010200392048735078, 0.13618342655131868, 0.099164276566470005, -0.009815468032227867, -0.19705172534619408, 0.082658780669056825, -0.50989007618227378, 0.018772380563788497, 0.036101096002694268, -0.0076742106183070825, 0.092023284259545951, 0.032581459260628019, 0, 0, 0, 0, 0, 0, 0, 0, 0, 0,
-0.2245452346713388, nan, None, -0.20714225371979123, -0.072534891778535976, 0.95891641487140755, 1.0, -0.17594986704754906, -0.36435792444653847, -0.11739018397535417, -0.14970672961635847, -0.039508270351753923, 0.29545003111572399, -0.11772186360623176, -0.20490439217503395, 0.088130186713245101, 0.095640769603186668, -0.047716021995874408, -0.2948661697418456, 0.096337372607293775, -0.64934106158308491, -0.20377881785695634, -0.20203600399943153, -0.18237702927641428, 0.098667048091747478, -0.047651701937674026, 0, 0, 0, 0, 0, 0, 0, 0, 0, 0,
0.54977406676033203, nan, None, 0.99069748121412227, 0.0643164088288916, 0.09649631740611718, -0.17594986704754906, 1.0, 0.200125775220031, 0.75874354896524099, 0.82654727270146755, 0.51317574846642955, -0.1531195517039334, 0.75682402257785009, 0.56851725643108719, 0.28995442347083716, 0.026216587603136277, 0.19593101753769543, 0.31024860271255889, 0.030064460234180239, 0.46430087757650113, 0.77758924582465239, 0.83239686155471926, 0.60791433252123106, -0.011072313843413593, 0.33946731274147635, 0, 0, 0, 0, 0, 0, 0, 0, 0, 0,
0.26868800211414939, nan, None, 0.22765811747986084, 0.30075240880608872, -0.29979877588205828, -0.36435792444653847, 0.200125775220031, 1.0, 0.073232181897631934, 0.23037799544424209, -0.12234068851254505, -0.82232622105357611, 0.055780063225486377, 0.29610628212080997, -0.36942473480566285, -0.78035877577946899, -0.44019078831451203, -0.042082915566762732, -0.60947848818538308, 0.45717931791010169, 0.28983029719593151, 0.29325341225233037, 0.28104562561005431, -0.47419519372954988, -0.28973603111285512, 0, 0, 0, 0, 0, 0, 0, 0, 0, 0,
0.46108192732803277, nan, None, 0.75854110698199584, 0.0092712148413135898, 0.094408895151565295, -0.11739018397535417, 0.75874354896524099, 0.073232181897631934, 1.0, 0.97686136057474282, 0.93979689543692746, 0.036999660160769623, 0.99936871517507364, 0.81016480722866124, 0.73679052223482289, 0.24961003550739877, 0.51918955443552661, 0.51449981848777615, 0.41753207271299975, 0.55113810237870475, 0.96048349746610817, 0.95498196307525418, 0.93225494043987089, 0.10739354944608119, 0.57239357503448351, 0, 0, 0, 0, 0, 0, 0, 0, 0, 0,
0.53024297597464742, nan, None, 0.83103979812863626, 0.038045101632453331, 0.083556243515077511, -0.14970672961635847, 0.82654727270146755, 0.23037799544424209, 0.97686136057474282, 1.0, 0.85723756678795326, -0.10420671911545264, 0.97083967812990757, 0.82640078157831731, 0.60820917726193169, 0.11735058223578208, 0.41727400151307031, 0.49760906969144486, 0.27579925933557309, 0.57863094252604952, 0.97578509421269199, 0.98053592303158654, 0.92337777080665506, 0.030337311811389121, 0.50020007587672977, 0, 0, 0, 0, 0, 0, 0, 0, 0, 0,
0.27954476306834281, nan, None, 0.50740913865838755, -0.036031283319779145, 0.10112331255442759, -0.039508270351753923, 0.51317574846642955, -0.12234068851254505, 0.93979689543692746, 0.85723756678795326, 1.0, 0.23974092115634313, 0.94207228096613793, 0.72041799296798315, 0.89032722859325797, 0.41838426822415981, 0.664846132834223, 0.53626344019408134, 0.63266039971314247, 0.45123865339715513, 0.84341219699867354, 0.81272824745556027, 0.88055997911500528, 0.21572016551209319, 0.64581824090911566, 0, 0, 0, 0, 0, 0, 0, 0, 0, 0,
-0.22769896593168015, nan, None, -0.17791479706937996, -0.19716659648393176, 0.24403279766177838, 0.29545003111572399, -0.1531195517039334, -0.82232622105357611, 0.036999660160769623, -0.10420671911545264, 0.23974092115634313, 1.0, 0.045516537520236662, -0.22477580228983937, 0.47744856742241143, 0.83641048719462552, 0.46349872649702262, -0.0038016684740290831, 0.66867712136790602, -0.33721321982707114, -0.22092898345603337, -0.22497004649903332, -0.21290980950896346, 0.58655297672373907, 0.32545836444478055, 0, 0, 0, 0, 0, 0, 0, 0, 0, 0,
0.45971557335152496, nan, None, 0.75660214929409741, 0.0082798708454988532, 0.093507456770542841, -0.11772186360623176, 0.75682402257785009, 0.055780063225486377, 0.99936871517507364, 0.97083967812990757, 0.94207228096613793, 0.045516537520236662, 1.0, 0.80869062417004045, 0.74135309410755934, 0.25771338102005581, 0.52205027431533546, 0.51275488091898658, 0.42288190907948853, 0.55085933544031052, 0.95848892456298151, 0.9528499284774844, 0.93049696741856092, 0.11244389566892565, 0.57463756714530601, 0, 0, 0, 0, 0, 0, 0, 0, 0, 0,
0.80731581860064194, nan, None, 0.64367491180519265, 0.075086695845446014, 0.0010200392048735078, -0.20490439217503395, 0.56851725643108719, 0.29610628212080997, 0.81016480722866124, 0.82640078157831731, 0.72041799296798315, -0.22477580228983937, 0.80869062417004045, 1.0, 0.3276093900150448, 0.016606620519546138, 0.24546402850589236, 0.51318203439001164, 0.086060122744950895, 0.63433552326576703, 0.87143484403769211, 0.86097158043446764, 0.86280283330285457, -0.033481970463217686, 0.31767230383468342, 0, 0, 0, 0, 0, 0, 0, 0, 0, 0,
-0.1557271858368284, nan, None, 0.23518859956151492, -0.098583933394251699, 0.13618342655131868, 0.088130186713245101, 0.28995442347083716, -0.36942473480566285, 0.73679052223482289, 0.60820917726193169, 0.89032722859325797, 0.47744856742241143, 0.74135309410755934, 0.3276093900150448, 1.0, 0.561095585152523, 0.75546908592090645, 0.40549698175108073, 0.81850686358429325, 0.19355974625468886, 0.5656927988254884, 0.52700718846113281, 0.63188072178415655, 0.31934153346962907, 0.66971666637928184, 0, 0, 0, 0, 0, 0, 0, 0, 0, 0,
-0.039424884768762769, nan, None, 0.016266915227100904, -0.025147772688445202, 0.099164276566470005, 0.095640769603186668, 0.026216587603136277, -0.78035877577946899, 0.24961003550739877, 0.11735058223578208, 0.41838426822415981, 0.83641048719462552, 0.25771338102005581, 0.016606620519546138, 0.561095585152523, 1.0, 0.60883131932458323, 0.2796185798912077, 0.7205043164438818, -0.0072609271005027792, 0.022402127662972456, 0.014714647197730803, 0.023535778991862464, 0.50415861404302165, 0.46188628322145181, 0, 0, 0, 0, 0, 0, 0, 0, 0, 0,
-0.033729539104600519, nan, None, 0.17178492175092641, -0.03711529997804143, -0.009815468032227867, -0.047716021995874408, 0.19593101753769543, -0.44019078831451203, 0.51918955443552661, 0.41727400151307031, 0.664846132834223, 0.46349872649702262, 0.52205027431533546, 0.24546402850589236, 0.75546908592090645, 0.60883131932458323, 1.0, 0.80996932110986208, 0.94611803823884377, 0.21170896865829786, 0.36319956671099818, 0.33790307975523903, 0.39767840147321298, 0.4353670403345325, 0.71509156649814498, 0, 0, 0, 0, 0, 0, 0, 0, 0, 0,
0.3413309656929856, nan, None, 0.33780221620685169, 0.12016013184366368, -0.19705172534619408, -0.2948661697418456, 0.31024860271255889, -0.042082915566762732, 0.51449981848777615, 0.49760906969144486, 0.53626344019408134, -0.0038016684740290831, 0.51275488091898658, 0.51318203439001164, 0.40549698175108073, 0.2796185798912077, 0.80996932110986208, 1.0, 0.59056515013127853, 0.50425929894313082, 0.50333754247162577, 0.48684772346398025, 0.51212856396124329, 0.27903378646909294, 0.63003993860259533, 0, 0, 0, 0, 0, 0, 0, 0, 0, 0,
-0.20700761984049418, nan, None, -0.0071134489632352421, -0.11423730581972724, 0.082658780669056825, 0.096337372607293775, 0.030064460234180239, -0.60947848818538308, 0.41753207271299975, 0.27579925933557309, 0.63266039971314247, 0.66867712136790602, 0.42288190907948853, 0.086060122744950895, 0.81850686358429325, 0.7205043164438818, 0.94611803823884377, 0.59056515013127853, 1.0, 0.020627948487809956, 0.20377336504651708, 0.17123468928071214, 0.26351805840550474, 0.46727190545062658, 0.64748415919699531, 0, 0, 0, 0, 0, 0, 0, 0, 0, 0,
0.48773890678314274, nan, None, 0.50441471466089383, 0.61237549453428231, -0.50989007618227378, -0.64934106158308491, 0.46430087757650113, 0.45717931791010169, 0.55113810237870475, 0.57863094252604952, 0.45123865339715513, -0.33721321982707114, 0.55085933544031052, 0.63433552326576703, 0.19355974625468886, -0.0072609271005027792, 0.21170896865829786, 0.50425929894313082, 0.020627948487809956, 1.0, 0.64027933823009409, 0.6325489422516003, 0.6235237417239089, -0.062430424935119549, 0.24575164408651229, 0, 0, 0, 0, 0, 0, 0, 0, 0, 0,
0.54013174079058901, nan, None, 0.78921430182795338, 0.063780791289461861, 0.018772380563788497, -0.20377881785695634, 0.77758924582465239, 0.28983029719593151, 0.96048349746610817, 0.97578509421269199, 0.84341219699867354, -0.22092898345603337, 0.95848892456298151, 0.87143484403769211, 0.5656927988254884, 0.022402127662972456, 0.36319956671099818, 0.50333754247162577, 0.20377336504651708, 0.64027933823009409, 1.0, 0.99539232653746801, 0.97086384307834706, -0.024620206205192684, 0.45273911159894503, 0, 0, 0, 0, 0, 0, 0, 0, 0, 0,
0.57408861987934134, nan, None, 0.84397705861440864, 0.066826939328160778, 0.036101096002694268, -0.20203600399943153, 0.83239686155471926, 0.29325341225233037, 0.95498196307525418, 0.98053592303158654, 0.81272824745556027, -0.22497004649903332, 0.9528499284774844, 0.86097158043446764, 0.52700718846113281, 0.014714647197730803, 0.33790307975523903, 0.48684772346398025, 0.17123468928071214, 0.6325489422516003, 0.99539232653746801, 1.0, 0.94356493323851431, -0.0283889248817299, 0.44050787572147521, 0, 0, 0, 0, 0, 0, 0, 0, 0, 0,
0.43346450807960002, nan, None, 0.61908443538252222, 0.052797252707928524, -0.0076742106183070825, -0.18237702927641428, 0.60791433252123106, 0.28104562561005431, 0.93225494043987089, 0.92337777080665506, 0.88055997911500528, -0.21290980950896346, 0.93049696741856092, 0.86280283330285457, 0.63188072178415655, 0.023535778991862464, 0.39767840147321298, 0.51212856396124329, 0.26351805840550474, 0.6235237417239089, 0.97086384307834706, 0.94356493323851431, 1.0, -0.023222939711267154, 0.45510653639243309, 0, 0, 0, 0, 0, 0, 0, 0, 0, 0,
-0.0591370005741595, nan, None, -0.020577450602106074, -0.042866105299030677, 0.092023284259545951, 0.098667048091747478, -0.011072313843413593, -0.47419519372954988, 0.10739354944608119, 0.030337311811389121, 0.21572016551209319, 0.58655297672373907, 0.11244389566892565, -0.033481970463217686, 0.31934153346962907, 0.50415861404302165, 0.4353670403345325, 0.27903378646909294, 0.46727190545062658, -0.062430424935119549, -0.024620206205192684, -0.0283889248817299, -0.023222939711267154, 1.0, 0.56661891254985186, 0, 0, 0, 0, 0, 0, 0, 0, 0, 0,
0.070225463840902988, nan, None, 0.31763316242897882, -0.029806121328274079, 0.032581459260628019, -0.047651701937674026, 0.33946731274147635, -0.28973603111285512, 0.57239357503448351, 0.50020007587672977, 0.64581824090911566, 0.32545836444478055, 0.57463756714530601, 0.31767230383468342, 0.66971666637928184, 0.46188628322145181, 0.71509156649814498, 0.63003993860259533, 0.64748415919699531, 0.24575164408651229, 0.45273911159894503, 0.44050787572147521, 0.45510653639243309, 0.56661891254985186, 1.0, 0, 0, 0, 0, 0, 0, 0, 0, 0, 0,
0, 0, 0, 0, 0, 0, 0, 0, 0, 0, 0, 0, 0, 0, 0, 0, 0, 0, 0, 0, 0, 0, 0, 0, 0, 0, 0, 0, 0, 0, 0, 0, 0, 0, 0, 0,
0, 0, 0, 0, 0, 0, 0, 0, 0, 0, 0, 0, 0, 0, 0, 0, 0, 0, 0, 0, 0, 0, 0, 0, 0, 0, 0, 0, 0, 0, 0, 0, 0, 0, 0, 0,
0, 0, 0, 0, 0, 0, 0, 0, 0, 0, 0, 0, 0, 0, 0, 0, 0, 0, 0, 0, 0, 0, 0, 0, 0, 0, 0, 0, 0, 0, 0, 0, 0, 0, 0, 0,
0, 0, 0, 0, 0, 0, 0, 0, 0, 0, 0, 0, 0, 0, 0, 0, 0, 0, 0, 0, 0, 0, 0, 0, 0, 0, 0, 0, 0, 0, 0, 0, 0, 0, 0, 0,
0, 0, 0, 0, 0, 0, 0, 0, 0, 0, 0, 0, 0, 0, 0, 0, 0, 0, 0, 0, 0, 0, 0, 0, 0, 0, 0, 0, 0, 0, 0, 0, 0, 0, 0, 0,
0, 0, 0, 0, 0, 0, 0, 0, 0, 0, 0, 0, 0, 0, 0, 0, 0, 0, 0, 0, 0, 0, 0, 0, 0, 0, 0, 0, 0, 0, 0, 0, 0, 0, 0, 0,
0, 0, 0, 0, 0, 0, 0, 0, 0, 0, 0, 0, 0, 0, 0, 0, 0, 0, 0, 0, 0, 0, 0, 0, 0, 0, 0, 0, 0, 0, 0, 0, 0, 0, 0, 0,
0, 0, 0, 0, 0, 0, 0, 0, 0, 0, 0, 0, 0, 0, 0, 0, 0, 0, 0, 0, 0, 0, 0, 0, 0, 0, 0, 0, 0, 0, 0, 0, 0, 0, 0, 0,
0, 0, 0, 0, 0, 0, 0, 0, 0, 0, 0, 0, 0, 0, 0, 0, 0, 0, 0, 0, 0, 0, 0, 0, 0, 0, 0, 0, 0, 0, 0, 0, 0, 0, 0, 0,
0, 0, 0, 0, 0, 0, 0, 0, 0, 0, 0, 0, 0, 0, 0, 0, 0, 0, 0, 0, 0, 0, 0, 0, 0, 0, 0, 0, 0, 0, 0, 0, 0, 0, 0, 0
