[[1.0, 0.65785561158676309, 0.099598689927280937, -0.0023615863823696413, -0.2245452346713388, 0.54977406676033203, 0.26868800211414939, 0.46108192732803277, 0.53024297597464742, 0.27954476306834281, -0.22769896593168015, 0.45971557335152496, 0.80731581860064194, -0.1557271858368284, -0.039424884768762769, -0.033729539104600519, 0.3413309656929856, -0.20700761984049418, 0.48773890678314274, 0.54013174079058901, 0.57408861987934134, 0.43346450807960002, -0.0591370005741595, 0.070225463840902988, 0.38588640223550241, -0.18418269441822463, -0.066945492166026146, -0.048446209844518709, 0.18183903032578605, -0.1806236647903236, -0.054717449145727959, -0.048449350915579156, 0.18184117875621894, -0.18062407367288247], [0.65785561158676309, 1.0, 0.07476222557150404, 0.074257670793431027, -0.20714225371979123, 0.99069748121412227, 0.22765811747986084, 0.75854110698199584, 0.83103979812863626, 0.50740913865838755, -0.17791479706937996, 0.75660214929409741, 0.64367491180519265, 0.23518859956151492, 0.016266915227100904, 0.17178492175092641, 0.33780221620685169, -0.0071134489632352421, 0.50441471466089383, 0.78921430182795338, 0.84397705861440864, 0.61908443538252222, -0.020577450602106074, 0.31763316242897882, 0.38198571658094843, 0.12496785716580974, -0.029291839710623567, 0.17275297594493924, 0.26485854128369807, 0.019771708498614531, -0.00619180566539852, 0.17274915457253598, 0.26485337839210438, 0.019772147337066878], [0.099598689927280937, 0.07476222557150404, 1.0, -0.049400842791298874, -0.072534891778535976, 0.0643164088288916, 0.30075240880608872, 0.0092712148413135898, 0.038045101632453331, -0.036031283319779145, -0.19716659648393176, 0.0082798708454988532, 0.075086695845446014, -0.098583933394251699, -0.025147772688445202, -0.03711529997804143, 0.12016013184366368, -0.11423730581972724, 0.61237549453428231, 0.063780791289461861, 0.066826939328160778, 0.052797252707928524, -0.042866105299030677, -0.029806121328274079, 0.04510233584892033, -0.10516129327626018, -0.043312903357472794, -0.051589010914323503, 0.016624959736350343, -0.10053212624923939, -0.035261463529717832, -0.051589392928718412, 0.016624713837304992, -0.10053084770784483], [-0.0023615863823696413, 0.074257670793431027, -0.049400842791298874, 1.0, 0.95891641487140755, 0.09649631740611718, -0.29979877588205828, 0.094408895151565295, 0.083556243515077511, 0.10112331255442759, 0.24403279766177838, 0.093507456770542841, 0.0010200392048735078, 0.13618342655131868, 0.099164276566470005, -0.009815468032227867, -0.19705172534619408, 0.082658780669056825, -0.50989007618227378, 0.018772380563788497, 0.036101096002694268, -0.0076742106183070825, 0.092023284259545951, 0.032581459260628019, -0.050190311845435591, 0.10978519223553306, 0.085294679823946576, 0.01667068627704096, -0.061365309266216223, 0.069881679735581681, 0.095721894450223596, 0.016671915212767115, -0.061360189395700766, 0.069881003467398409], [-0.2245452346713388, -0.20714225371979123, -0.072534891778535976, 0.95891641487140755, 1.0, -0.17594986704754906, -0.36435792444653847, -0.11739018397535417, -0.14970672961635847, -0.039508270351753923, 0.29545003111572399, -0.11772186360623176, -0.20490439217503395, 0.088130186713245101, 0.095640769603186668, -0.047716021995874408, -0.2948661697418456, 0.096337372607293775, -0.64934106158308491, -0.20377881785695634, -0.20203600399943153, -0.18237702927641428, 0.098667048091747478, -0.047651701937674026, -0.1648969032873191, 0.090207998190817137, 0.094675340968751701, -0.021094100711386496, -0.13448286803349505, 0.07575906139665399, 0.098595418207960847, -0.021091790080435172, -0.13447680037388768, 0.075758325569864102], [0.54977406676033203, 0.99069748121412227, 0.0643164088288916, 0.09649631740611718, -0.17594986704754906, 1.0, 0.200125775220031, 0.75874354896524099, 0.82654727270146755, 0.51317574846642955, -0.1531195517039334, 0.75682402257785009, 0.56851725643108719, 0.28995442347083716, 0.026216587603136277, 0.19593101753769543, 0.31024860271255889, 0.030064460234180239, 0.46430087757650113, 0.77758924582465239, 0.83239686155471926, 0.60791433252123106, -0.011072313843413593, 0.33946731274147635, 0.35325658681481131, 0.17262261618160527, -0.019444444561676273, 0.20000368001735386, 0.25980838143237173, 0.054953977431752107, 0.0040565661336915519, 0.20000002709324771, 0.25980235288073689, 0.054954526931818036], [0.26868800211414939, 0.22765811747986084, 0.30075240880608872, -0.29979877588205828, -0.36435792444653847, 0.200125775220031, 1.0, 0.073232181897631934, 0.23037799544424209, -0.12234068851254505, -0.82232622105357611, 0.055780063225486377, 0.29610628212080997, -0.36942473480566285, -0.78035877577946899, -0.44019078831451203, -0.042082915566762732, -0.60947848818538308, 0.45717931791010169, 0.28983029719593151, 0.29325341225233037, 0.28104562561005431, -0.47419519372954988, -0.28973603111285512, -0.054536244395954732, -0.46705584091419722, -0.5591844546895941, -0.42780542172252733, -0.26967778833010575, -0.54419813413782725, -0.70062816444612697, -0.42780641905914063, -0.26968287293658799, -0.54419726617788577], [0.46108192732803277, 0.75854110698199584, 0.0092712148413135898, 0.094408895151565295, -0.11739018397535417, 0.75874354896524099, 0.073232181897631934, 1.0, 0.97686136057474282, 0.93979689543692746, 0.036999660160769623, 0.99936871517507364, 0.81016480722866124, 0.73679052223482289, 0.24961003550739877, 0.51918955443552661, 0.51449981848777615, 0.41753207271299975, 0.55113810237870475, 0.96048349746610817, 0.95498196307525418, 0.93225494043987089, 0.10739354944608119, 0.57239357503448351, 0.53538554158214635, 0.61440917684903362, 0.12322888384501582, 0.51403340203901926, 0.47936368323343032, 0.46714860191432162, 0.20374640322476825, 0.51403062860021687, 0.47935580104844422, 0.46714954822699389], [0.53024297597464742, 0.83103979812863626, 0.038045101632453331, 0.083556243515077511, -0.14970672961635847, 0.82654727270146755, 0.23037799544424209, 0.97686136057474282, 1.0, 0.85723756678795326, -0.10420671911545264, 0.97083967812990757, 0.82640078157831731, 0.60820917726193169, 0.11735058223578208, 0.41727400151307031, 0.49760906969144486, 0.27579925933557309, 0.57863094252604952, 0.97578509421269199, 0.98053592303158654, 0.92337777080665506, 0.030337311811389121, 0.50020007587672977, 0.51219250642403102, 0.47686515282503322, 0.02954466071638355, 0.41384428952609914, 0.42355709833926425, 0.33045995000984674, 0.081562475404840754, 0.41384120907264815, 0.42354916127477782, 0.330460859271133], [0.27954476306834281, 0.50740913865838755, -0.036031283319779145, 0.10112331255442759, -0.039508270351753923, 0.51317574846642955, -0.12234068851254505, 0.93979689543692746, 0.85723756678795326, 1.0, 0.23974092115634313, 0.94207228096613793, 0.72041799296798315, 0.89032722859325797, 0.41838426822415981, 0.664846132834223, 0.53626344019408134, 0.63266039971314247, 0.45123865339715513, 0.84341219699867354, 0.81272824745556027, 0.88055997911500528, 0.21572016551209319, 0.64581824090911566, 0.54125015461529391, 0.80124104409262265, 0.2583488954991463, 0.6534869395608548, 0.55190348563522462, 0.67354208830505047, 0.36526270495775404, 0.65348511071945403, 0.55189610844214387, 0.67354298984398753], [-0.22769896593168015, -0.17791479706937996, -0.19716659648393176, 0.24403279766177838, 0.29545003111572399, -0.1531195517039334, -0.82232622105357611, 0.036999660160769623, -0.10420671911545264, 0.23974092115634313, 1.0, 0.045516537520236662, -0.22477580228983937, 0.47744856742241143, 0.83641048719462552, 0.46349872649702262, -0.0038016684740290831, 0.66867712136790602, -0.33721321982707114, -0.22092898345603337, -0.22497004649903332, -0.21290980950896346, 0.58655297672373907, 0.32545836444478055, 0.062622368062691613, 0.55395012335090077, 0.61288155749194362, 0.45952815166634087, 0.26473338160046606, 0.60593439144862493, 0.75646967716392943, 0.45952724173154097, 0.26473213320108563, 0.6059335282325593], [0.45971557335152496, 0.75660214929409741, 0.0082798708454988532, 0.093507456770542841, -0.11772186360623176, 0.75682402257785009, 0.055780063225486377, 0.99936871517507364, 0.97083967812990757, 0.94207228096613793, 0.045516537520236662, 1.0, 0.80869062417004045, 0.74135309410755934, 0.25771338102005581, 0.52205027431533546, 0.51275488091898658, 0.42288190907948853, 0.55085933544031052, 0.95848892456298151, 0.9528499284774844, 0.93049696741856092, 0.11244389566892565, 0.57463756714530601, 0.53537325612972209, 0.61934199433581316, 0.1290584425266636, 0.51696548784838847, 0.4802904896438876, 0.47197956224266363, 0.21116232144427349, 0.51696275269679226, 0.48028275097654294, 0.47198051732021756], [0.80731581860064194, 0.64367491180519265, 0.075086695845446014, 0.0010200392048735078, -0.20490439217503395, 0.56851725643108719, 0.29610628212080997, 0.81016480722866124, 0.82640078157831731, 0.72041799296798315, -0.22477580228983937, 0.80869062417004045, 1.0, 0.3276093900150448, 0.016606620519546138, 0.24546402850589236, 0.51318203439001164, 0.086060122744950895, 0.63433552326576703, 0.87143484403769211, 0.86097158043446764, 0.86280283330285457, -0.033481970463217686, 0.31767230383468342, 0.52690663515645209, 0.23620097840851292, -0.0458956205012086, 0.23366105691297201, 0.35410003889529457, 0.15067434334972546, -0.013281292164066963, 0.23365853034325912, 0.35409741364719072, 0.15067486270627248], [-0.1557271858368284, 0.23518859956151492, -0.098583933394251699, 0.13618342655131868, 0.088130186713245101, 0.28995442347083716, -0.36942473480566285, 0.73679052223482289, 0.60820917726193169, 0.89032722859325797, 0.47744856742241143, 0.74135309410755934, 0.3276093900150448, 1.0, 0.561095585152523, 0.75546908592090645, 0.40549698175108073, 0.81850686358429325, 0.19355974625468886, 0.5656927988254884, 0.52700718846113281, 0.63188072178415655, 0.31934153346962907, 0.66971666637928184, 0.39409480947609177, 0.94283578876010254, 0.39013087442668776, 0.7476354332832067, 0.53038532585793829, 0.83332717412601465, 0.51091389106184315, 0.74763478168997133, 0.53037741770635949, 0.83332805332943571], [-0.039424884768762769, 0.016266915227100904, -0.025147772688445202, 0.099164276566470005, 0.095640769603186668, 0.026216587603136277, -0.78035877577946899, 0.24961003550739877, 0.11735058223578208, 0.41838426822415981, 0.83641048719462552, 0.25771338102005581, 0.016606620519546138, 0.561095585152523, 1.0, 0.60883131932458323, 0.2796185798912077, 0.7205043164438818, -0.0072609271005027792, 0.022402127662972456, 0.014714647197730803, 0.023535778991862464, 0.50415861404302165, 0.46188628322145181, 0.25978532120226294, 0.62804767747214973, 0.58713632340268118, 0.58696896595182746, 0.4514134635563774, 0.67694800353324103, 0.82948153305308669, 0.58696845094509875, 0.45141126093496137, 0.67694791129118681], [-0.033729539104600519, 0.17178492175092641, -0.03711529997804143, -0.009815468032227867, -0.047716021995874408, 0.19593101753769543, -0.44019078831451203, 0.51918955443552661, 0.41727400151307031, 0.664846132834223, 0.46349872649702262, 0.52205027431533546, 0.24546402850589236, 0.75546908592090645, 0.60883131932458323, 1.0, 0.80996932110986208, 0.94611803823884377, 0.21170896865829786, 0.36319956671099818, 0.33790307975523903, 0.39767840147321298, 0.4353670403345325, 0.71509156649814498, 0.53774360366523277, 0.82121405619401144, 0.63655593674547506, 0.98203534196819653, 0.90520117819265566, 0.9533411327315594, 0.63410002932833176, 0.98203553264277965, 0.90520078131487125, 0.9533411985521425], [0.3413309656929856, 0.33780221620685169, 0.12016013184366368, -0.19705172534619408, -0.2948661697418456, 0.31024860271255889, -0.042082915566762732, 0.51449981848777615, 0.49760906969144486, 0.53626344019408134, -0.0038016684740290831, 0.51275488091898658, 0.51318203439001164, 0.40549698175108073, 0.2796185798912077, 0.80996932110986208, 1.0, 0.59056515013127853, 0.50425929894313082, 0.50333754247162577, 0.48684772346398025, 0.51212856396124329, 0.27903378646909294, 0.63003993860259533, 0.69764924108517345, 0.4930463255043086, 0.41122695574728946, 0.77456781198145774, 0.89897689560573057, 0.62245834762308461, 0.31518005130589177, 0.77456799066465842, 0.89897840159023867, 0.6224585683575794], [-0.20700761984049418, -0.0071134489632352421, -0.11423730581972724, 0.082658780669056825, 0.096337372607293775, 0.030064460234180239, -0.60947848818538308, 0.41753207271299975, 0.27579925933557309, 0.63266039971314247, 0.66867712136790602, 0.42288190907948853, 0.086060122744950895, 0.81850686358429325, 0.7205043164438818, 0.94611803823884377, 0.59056515013127853, 1.0, 0.020627948487809956, 0.20377336504651708, 0.17123468928071214, 0.26351805840550474, 0.46727190545062658, 0.64748415919699531, 0.38529814105244359, 0.87593319962747818, 0.6681188240819157, 0.93223133258432944, 0.76443332648318629, 0.98899597502275449, 0.725373641405334, 0.93223169271654116, 0.76443249623186449, 0.98899590931773107], [0.48773890678314274, 0.50441471466089383, 0.61237549453428231, -0.50989007618227378, -0.64934106158308491, 0.46430087757650113, 0.45717931791010169, 0.55113810237870475, 0.57863094252604952, 0.45123865339715513, -0.33721321982707114, 0.55085933544031052, 0.63433552326576703, 0.19355974625468886, -0.0072609271005027792, 0.21170896865829786, 0.50425929894313082, 0.020627948487809956, 1.0, 0.64027933823009409, 0.6325489422516003, 0.6235237417239089, -0.062430424935119549, 0.24575164408651229, 0.39459100915662826, 0.12853365364165284, -0.064090600142821988, 0.18557823144921728, 0.30358976166764806, 0.073652859809119564, -0.035972754255643849, 0.18557561004854004, 0.30358382397175204, 0.073654426496698802], [0.54013174079058901, 0.78921430182795338, 0.063780791289461861, 0.018772380563788497, -0.20377881785695634, 0.77758924582465239, 0.28983029719593151, 0.96048349746610817, 0.97578509421269199, 0.84341219699867354, -0.22092898345603337, 0.95848892456298151, 0.87143484403769211, 0.5656927988254884, 0.022402127662972456, 0.36319956671099818, 0.50333754247162577, 0.20377336504651708, 0.64027933823009409, 1.0, 0.99539232653746801, 0.97086384307834706, -0.024620206205192684, 0.45273911159894503, 0.50481490448112809, 0.42459858638597819, -0.041252087759900614, 0.36119614118613175, 0.39062766204299798, 0.2722360729315082, -0.0090960528379403615, 0.36119351607852185, 0.39062051072091813, 0.27223720082781855], [0.57408861987934134, 0.84397705861440864, 0.066826939328160778, 0.036101096002694268, -0.20203600399943153, 0.83239686155471926, 0.29325341225233037, 0.95498196307525418, 0.98053592303158654, 0.81272824745556027, -0.22497004649903332, 0.9528499284774844, 0.86097158043446764, 0.52700718846113281, 0.014714647197730803, 0.33790307975523903, 0.48684772346398025, 0.17123468928071214, 0.6325489422516003, 0.99539232653746801, 1.0, 0.94356493323851431, -0.0283889248817299, 0.44050787572147521, 0.49702420770959155, 0.38581193970705091, -0.045198157473762837, 0.33681268952767235, 0.37705824882264588, 0.2354990958949591, -0.015140972896401528, 0.33680982490207839, 0.3770512347598593, 0.23550014425497653], [0.43346450807960002, 0.61908443538252222, 0.052797252707928524, -0.0076742106183070825, -0.18237702927641428, 0.60791433252123106, 0.28104562561005431, 0.93225494043987089, 0.92337777080665506, 0.88055997911500528, -0.21290980950896346, 0.93049696741856092, 0.86280283330285457, 0.63188072178415655, 0.023535778991862464, 0.39767840147321298, 0.51212856396124329, 0.26351805840550474, 0.6235237417239089, 0.97086384307834706, 0.94356493323851431, 1.0, -0.023222939711267154, 0.45510653639243309, 0.49638514056525834, 0.49438540595043634, -0.041148315092057172, 0.39472281536203979, 0.39633846196948219, 0.34061626911710952, -0.0084790196830417264, 0.39472093694785704, 0.39633132533398135, 0.34061754490785001], [-0.0591370005741595, -0.020577450602106074, -0.042866105299030677, 0.092023284259545951, 0.098667048091747478, -0.011072313843413593, -0.47419519372954988, 0.10739354944608119, 0.030337311811389121, 0.21572016551209319, 0.58655297672373907, 0.11244389566892565, -0.033481970463217686, 0.31934153346962907, 0.50415861404302165, 0.4353670403345325, 0.27903378646909294, 0.46727190545062658, -0.062430424935119549, -0.024620206205192684, -0.0283889248817299, -0.023222939711267154, 1.0, 0.56661891254985186, 0.48175655090717134, 0.48437055916322375, 0.8020996206133526, 0.44505770479305456, 0.45425848193453666, 0.43666222474249261, 0.67478399676427359, 0.4450566375134094, 0.45425910207395259, 0.43666141727186902], [0.070225463840902988, 0.31763316242897882, -0.029806121328274079, 0.032581459260628019, -0.047651701937674026, 0.33946731274147635, -0.28973603111285512, 0.57239357503448351, 0.50020007587672977, 0.64581824090911566, 0.32545836444478055, 0.57463756714530601, 0.31767230383468342, 0.66971666637928184, 0.46188628322145181, 0.71509156649814498, 0.63003993860259533, 0.64748415919699531, 0.24575164408651229, 0.45273911159894503, 0.44050787572147521, 0.45510653639243309, 0.56661891254985186, 1.0, 0.90383639926236103, 0.8393165331759157, 0.49820674681070476, 0.73055054749402293, 0.76091661452657722, 0.65911805749652086, 0.50563687598252083, 0.73055002234630873, 0.76090885792942886, 0.65911790676168858], [0.38588640223550241, 0.38198571658094843, 0.04510233584892033, -0.050190311845435591, -0.1648969032873191, 0.35325658681481131, -0.054536244395954732, 0.53538554158214635, 0.51219250642403102, 0.54125015461529391, 0.062622368062691613, 0.53537325612972209, 0.52690663515645209, 0.39409480947609177, 0.25978532120226294, 0.53774360366523277, 0.69764924108517345, 0.38529814105244359, 0.39459100915662826, 0.50481490448112809, 0.49702420770959155, 0.49638514056525834, 0.48175655090717134, 0.90383639926236103, 1.0, 0.58690493743091532, 0.36980809161745237, 0.55338787974347381, 0.72677617229012004, 0.415650007522054, 0.32827220834325693, 0.55338712781327037, 0.72677057076432494, 0.41564964974699509], [-0.18418269441822463, 0.12496785716580974, -0.10516129327626018, 0.10978519223553306, 0.090207998190817137, 0.17262261618160527, -0.46705584091419722, 0.61440917684903362, 0.47686515282503322, 0.80124104409262265, 0.55395012335090077, 0.61934199433581316, 0.23620097840851292, 0.94283578876010254, 0.62804767747214973, 0.82121405619401144, 0.4930463255043086, 0.87593319962747818, 0.12853365364165284, 0.42459858638597819, 0.38581193970705091, 0.49438540595043634, 0.48437055916322375, 0.8393165331759157, 0.58690493743091532, 1.0, 0.51952280549396967, 0.82054351211476739, 0.66126854507354371, 0.88067149384444732, 0.61082563438505688, 0.82054339401752507, 0.66126111439871949, 0.880671856701293], [-0.066945492166026146, -0.029291839710623567, -0.043312903357472794, 0.085294679823946576, 0.094675340968751701, -0.019444444561676273, -0.5591844546895941, 0.12322888384501582, 0.02954466071638355, 0.2583488954991463, 0.61288155749194362, 0.1290584425266636, -0.0458956205012086, 0.39013087442668776, 0.58713632340268118, 0.63655593674547506, 0.41122695574728946, 0.6681188240819157, -0.064090600142821988, -0.041252087759900614, -0.045198157473762837, -0.041148315092057172, 0.8020996206133526, 0.49820674681070476, 0.36980809161745237, 0.51952280549396967, 1.0, 0.65221819553174354, 0.62167906392613659, 0.64474790695741979, 0.80931095039402401, 0.65221919510974236, 0.62168098802311045, 0.64474705608083771], [-0.048446209844518709, 0.17275297594493924, -0.051589010914323503, 0.01667068627704096, -0.021094100711386496, 0.20000368001735386, -0.42780542172252733, 0.51403340203901926, 0.41384428952609914, 0.6534869395608548, 0.45952815166634087, 0.51696548784838847, 0.23366105691297201, 0.7476354332832067, 0.58696896595182746, 0.98203534196819653, 0.77456781198145774, 0.93223133258432944, 0.18557823144921728, 0.36119614118613175, 0.33681268952767235, 0.39472281536203979, 0.44505770479305456, 0.73055054749402293, 0.55338787974347381, 0.82054351211476739, 0.65221819553174354, 1.0, 0.93096642530098639, 0.95921253913160565, 0.65132289426366485, 0.99999999994848388, 0.93096519989439352, 0.95921242770587045], [0.18183903032578605, 0.26485854128369807, 0.016624959736350343, -0.061365309266216223, -0.13448286803349505, 0.25980838143237173, -0.26967778833010575, 0.47936368323343032, 0.42355709833926425, 0.55190348563522462, 0.26473338160046606, 0.4802904896438876, 0.35410003889529457, 0.53038532585793829, 0.4514134635563774, 0.90520117819265566, 0.89897689560573057, 0.76443332648318629, 0.30358976166764806, 0.39062766204299798, 0.37705824882264588, 0.39633846196948219, 0.45425848193453666, 0.76091661452657722, 0.72677617229012004, 0.66126854507354371, 0.62167906392613659, 0.93096642530098639, 1.0, 0.80469622841981403, 0.56001016518915725, 0.93096628018510907, 0.99999999957412777, 0.8046958146685832], [-0.1806236647903236, 0.019771708498614531, -0.10053212624923939, 0.069881679735581681, 0.07575906139665399, 0.054953977431752107, -0.54419813413782725, 0.46714860191432162, 0.33045995000984674, 0.67354208830505047, 0.60593439144862493, 0.47197956224266363, 0.15067434334972546, 0.83332717412601465, 0.67694800353324103, 0.9533411327315594, 0.62245834762308461, 0.98899597502275449, 0.073652859809119564, 0.2722360729315082, 0.2354990958949591, 0.34061626911710952, 0.43666222474249261, 0.65911805749652086, 0.415650007522054, 0.88067149384444732, 0.64474790695741979, 0.95921253913160565, 0.80469622841981403, 1.0, 0.6989430921639509, 0.95921279975069251, 0.80469471671471826, 0.99999999999359612], [-0.054717449145727959, -0.00619180566539852, -0.035261463529717832, 0.095721894450223596, 0.098595418207960847, 0.0040565661336915519, -0.70062816444612697, 0.20374640322476825, 0.081562475404840754, 0.36526270495775404, 0.75646967716392943, 0.21116232144427349, -0.013281292164066963, 0.51091389106184315, 0.82948153305308669, 0.63410002932833176, 0.31518005130589177, 0.725373641405334, -0.035972754255643849, -0.0090960528379403615, -0.015140972896401528, -0.0084790196830417264, 0.67478399676427359, 0.50563687598252083, 0.32827220834325693, 0.61082563438505688, 0.80931095039402401, 0.65132289426366485, 0.56001016518915725, 0.6989430921639509, 1.0, 0.65132312432199557, 0.56001001485305324, 0.69894263751426944], [-0.048449350915579156, 0.17274915457253598, -0.051589392928718412, 0.016671915212767115, -0.021091790080435172, 0.20000002709324771, -0.42780641905914063, 0.51403062860021687, 0.41384120907264815, 0.65348511071945403, 0.45952724173154097, 0.51696275269679226, 0.23365853034325912, 0.74763478168997133, 0.58696845094509875, 0.98203553264277965, 0.77456799066465842, 0.93223169271654116, 0.18557561004854004, 0.36119351607852185, 0.33680982490207839, 0.39472093694785704, 0.4450566375134094, 0.73055002234630873, 0.55338712781327037, 0.82054339401752507, 0.65221919510974236, 0.99999999994848388, 0.93096628018510907, 0.95921279975069251, 0.65132312432199557, 1.0, 0.93096505480836445, 0.95921268833489626], [0.18184117875621894, 0.26485337839210438, 0.016624713837304992, -0.061360189395700766, -0.13447680037388768, 0.25980235288073689, -0.26968287293658799, 0.47935580104844422, 0.42354916127477782, 0.55189610844214387, 0.26473213320108563, 0.48028275097654294, 0.35409741364719072, 0.53037741770635949, 0.45141126093496137, 0.90520078131487125, 0.89897840159023867, 0.76443249623186449, 0.30358382397175204, 0.39062051072091813, 0.3770512347598593, 0.39633132533398135, 0.45425910207395259, 0.76090885792942886, 0.72677057076432494, 0.66126111439871949, 0.62168098802311045, 0.93096519989439352, 0.99999999957412777, 0.80469471671471826, 0.56001001485305324, 0.93096505480836445, 1.0, 0.80469430294364985], [-0.18062407367288247, 0.019772147337066878, -0.10053084770784483, 0.069881003467398409, 0.075758325569864102, 0.054954526931818036, -0.54419726617788577, 0.46714954822699389, 0.330460859271133, 0.67354298984398753, 0.6059335282325593, 0.47198051732021756, 0.15067486270627248, 0.83332805332943571, 0.67694791129118681, 0.9533411985521425, 0.6224585683575794, 0.98899590931773107, 0.073654426496698802, 0.27223720082781855, 0.23550014425497653, 0.34061754490785001, 0.43666141727186902, 0.65911790676168858, 0.41564964974699509, 0.880671856701293, 0.64474705608083771, 0.95921242770587045, 0.8046958146685832, 0.99999999999359612, 0.69894263751426944, 0.95921268833489626, 0.80469430294364985, 1.0]]
